ANDROMEDA                 AND         4:10:11
    205      00 40.4  +41.7  10.0  G
    221      00 42.8  +40.8  10.0  G      M32
    224      00 42.8  +41.2  4.5   G      M31- ANDROMEDA GALAXY
    404      01 09.5  +35.7  12.0  G
    752      01 57.8  +37.7  6.5   OC
    891      02 22.6  +42.3  11.5  G
    956      02 32.4  +44.6  9.0   OC
    7640     23 22.1  +40.8  11.5  G
    7662     23 25.9  +42.5  9.0   PN
    7686     23 30.2  +49.1  8.0   OC
ANTLIA                    ANT         0:5:2
    2997     09 45.9  -31.2  10.5  G
    3100     10 00.6  -31.6  12.0  G
    3175     10 14.6  -28.9  12.0  G
    3223     10 21.6  -34.1  12.0  G
    3347     10 42.7  -36.3  12.0  G
AQUARIUS                  AQR         6:10:13
    6981     20 53.5  -12.5  10.0  GC     M72
    6994     20 59.0  -12.6  9.0   OC     M73
    7009     21 04.3  -11.4  8.5   PN     SATURN NEBULA
    7089     21 33.5  -00.8  7.5   GC     M2
    7184     22 02.7  -20.9  12.0  G
    7293     22 29.7  -20.8  6.5   PN     HELIX NEBULA
    7492     23 08.3  -15.7  12.5  GC
    7606     23 19.1  -08.5  11.5  G
    7723     23 39.0  -13.0  12.0  G
    7727     23 39.9  -12.3  11.5  G
AQUILA                    AQL         5:18:14
    I-4846   19 16.5  -08.8  12.5  PN
    6682     18 41.6  -04.8        PN
    6709     18 51.5  +10.3  7.5   OC
    6738     19 01.4  +11.6  8.0   OC
    6741     19 02.6  -00.5  11.5  PN     PHANTOM STREAK
    6751     19 05.8  -06.0  12.0  PN
    6755     19 07.7  +04.2  9.0   OC
    6756     19 08.6  +04.6  10.5  OC
    6760     19 11.2  +01.0  11.0  GC
    6772     19 14.6  -02.7  14.0  PN
    6778     19 18.4  -01.6  13.5  PN
    6781     19 18.4  +06.5  12.5  PN
    6790     19 23.3  +01.5  11.5  PN
    6803     19 31.3  +10.1  11.5  PN
    6804     19 31.6  +09.3  13.5  PN
    B-133    19 07.2  -06.9        DN
    B-142    19 40.4  +11.2        DN
    B-143    19 40.4  +11.2        DN
ARA                       ARA         0:11:0
    I-4651   17 24.5  -48.1  8.0   OC
    6167     16 34.4  -49.7  6.5   OC
    6193     16 41.4  -48.7  5.5   OC
    6200     16 44.3  -47.4  8.0   OC
    6204     16 46.4  -47.0  8.5   OC
    6208     16 49.5  -53.8  9.0   OC
    6250     16 57.9  -45.8  8.0   OC
    6253     16 59.1  -52.7  10.0  OC
    6326     17 20.8  -51.7  12.0  PN
    6352     17 25.4  -48.5  9.0   GC
    6397     17 40.8  -53.7  7.5   GC
ARIES                     ARI         4:2:10
    697      01 51.3  +22.3  12.5  G
    772      01 59.4  +19.0  11.5  G
AURIGA                    AUR         4:15:12
    I-405    05 16.4  +34.3        DN     FLAMING STAR NEBULA
    I-410    05 22.5  +33.5        DN
    1664     04 51.0  +43.7  8.0   OC
    1778     05 08.1  +37.0  8.5   OC
    1857     05 20.0  +39.3  8.5   OC
    1883     05 26.0  +46.5  12.0  OC
    1893     05 22.6  +33.4  8.0   OC
    1907     05 28.1  +35.3  10.5  OC
    1912     05 28.7  +35.8  7.0   OC     M38
    1960     05 36.2  +34.1  6.5   OC     M36
    2099     05 52.3  +32.5  6.0   OC     M37
    2126     06 02.9  +49.9  10.0  OC
    I-2149   05 56.4  +46.1  10.0  PN
    2192     06 15.1  +39.9  11.0  OC
    2281     06 49.4  +41.1  7.0   OC
BOOTES                    BOO         6:3:13
    5248     13 37.4  +08.9  11.0  G
    5466     14 05.4  +28.6  10.5  GC
    5676     14 32.8  +49.5  12.0  G
CAMELOPARDALIS            CAM         0:14:21
    I-342    03 46.8  +68.2  12.0  G
    1501     04 07.0  +61.0  13.5  PN
    1502     04 07.4  +62.4  5.5   OC
    1560     04 3.28  +71.9  12.0  G
    1961     05 42.2  +69.4  11.5  G
    2146     06 18.7  +78.4  11.5  G
    2336     07 27.1  +80.1  11.5  G
    2366     07 28.9  +69.2  11.5  G
    2403     07 36.8  +65.6  9.5   G
    2655     08 55.6  +78.2  11.5  G
    2715     09 08.0  +78.1  12.0  G
    2732     09 13.4  +79.2  13.5  G
    2748     09 13.7  +76.5  12.5  G
    I-3568   12 33.8  +82.6  11.5  PN
CANCER                    CNC         3:3:11
    2632     08 40.0  +20.0  4.0   OC     M44- BEEHIVE- PRAESEPE
    2682     08 51.1  +11.8  7.5   OC     M67
    2775     09 10.3  +07.1  11.5  G
CANES VENATICI            CVN         2:23:8
    4145     12 10.1  +39.9  11.5  G
    4151     12 10.6  +39.5  11.5  G
    4214     12 15.7  +36.4  10.5  G
    4217     12 15.8  +47.1  12.0  G
    4242     12 17.4  +45.7  11.5  G
    4244     12 17.5  +37.9  10.5  G
    4258     12 18.9  +47.4  9.5   G      M106
    4395     12 25.7  +33.6  10.5  G
    4449     12 28.2  +44.1  10.5  G
    4490     12 30.6  +41.7  11.0  G
    4618     12 41.5  +41.2  11.5  G
    4631     12 42.1  +32.6  10.0  G
    4656     12 43.9  +32.2  11.0  G
    4736     12 50.9  +41.2  9.5   G      M94
    5005     13 11.0  +37.1  11.5  G
    5033     13 13.5  +36.6  10.5  G
    5055     13 15.8  +42.1  10.0  G      M63- SUNFLOWER GALAXY
    5112     13 21.9  +38.8  12.0  G
    5194     13 30.0  +47.2  10.0  G      M51- WHIRLPOOL GALAXY
    5195     13 30.1  +47.3  11.5  G
    5272     13 42.3  +28.4  7.0   GC     M3
    5371     13 55.7  +40.5  11.5  G
    5377     13 56.3  +47.3  12.0  G
CANIS MAJOR               CMA         7:16:10
    I-2165   06 21.9  -12.9  12.5  PN
    2204     06 15.7  -18.7  9.5   OC
    2207     06 16.5  -21.4  12.0  G
    2217     06 21.7  -27.3  12.0  G
    2223     06 24.3  -22.8  12.0  G
    2243     06 29.7  -31.3  10.5  OC
    2280     06 44.8  -27.6  12.0  G
    2287     06 47.1  -20.7  5.0   OC     M41
    2345     07 08.4  -13.1  8.0   OC
    2354     07 14.2  -25.7  9.0   OC
    2360     07 17.6  -15.6  9.0   OC
    2362     07 18.6  -24.9  4.0   OC
    2367     07 20.2  -21.9  8.0   OC
    2374     07 24.1  -13.2  7.5   OC
    2383     07 24.8  -21.0  8.5   OC
    2384     07 25.1  -21.1  8.0   OC
CAPRICORN                 CAP         4:2:8
    6907     20 25.1  -24.8  12.0  G
    7099     21 40.3  -23.2  8.5   GC     M30
CARINA                    CAR         1:0:0
    CANOPUS            ALPHA    06 23.9  -52.7  -0.9  F0
CASSIOPEIA                CAS         6:37:15
    103      00 25.3  +61.3  11.0  OC
    129      00 29.9  +60.2  10.0  OC
    133      00 31.1  +63.3  9.5   OC
    136      00 31.5  +61.5  11.5  OC
    146      00 33.3  +63.2  9.5   OC
    147      00 33.3  +48.5  11.5  G
    185      00 39.0  +48.3  11.0  G
    189      00 38.7  +61.0  11.0  OC
    225      00 43.5  +61.8  9.0   OC
    278      00 52.0  +47.5  12.5  G
    281      00 52.9  +56.6  7.5   OC
    I-289    03 10.2  +61.3  12.5  PN
    366      01 06.5  +62.2  12.0  OC
    381      01 08.4  +61.6  9.5   OC
    436      01 15.6  +58.8  9.5   OC
    457      01 19.1  +58.3  8.0   OC
    559      01 29.5  +63.3  7.5   OC
    581      01 33.3  +60.7  7.0   OC     M103
    637      01 43.1  +64.0  7.5   OC
    654      01 43.9  +61.9  10.0  OC
    659      01 44.2  +60.7  10.0  OC
    663      01 46.0  +61.2  7.5   OC
    1027     02 42.6  +61.5  7.5   OC
    I-1747   01 57.3  +63.3  13.5  PN
    I-1805   02 32.5  +61.4  7.0   OC
    I-1848   02 51.1  +60.4        DN
    7635     23 20.7  +61.2        DN     BUBBLE NEBULA
    7654     23 24.2  +61.6  8.0   OC     M52
    7788     23 56.8  +61.4  9.5   OC
    7789     23 57.1  +56.7  9.5   OC
    7790     23 58.5  +61.2  7.0   OC
    K-14     00 31.4  +63.1  10.0  OC
    BE-3     00 39.5  +61.5  10.0  OC
    COL-463  01 48.0  +71.9  8.0   OC
    MEL-15   02 32.5  +61.4  7.0   OC
    H-1      03 09.4  +63.3  8.0   OC
    H-21     23 54.4  +61.7  9.0   OC
CENTAURUS                 CEN         1:15:1
    3557     11 09.9  -37.5  12.0  G
    3680     11 25.9  -43.2  8.5   OC
    4230     12 17.2  -55.1  9.5   OC
    4603     12 41.0  -40.9  12.0  G
    4696     12 48.9  -41.3  12.0  G
    4945     13 05.3  -49.5  9.5   G
    4976     13 08.9  -49.5  11.5  G
    5102     13 21.9  -36.6  10.5  G
    5128     13 25.3  -43.0  7.5   G
    5139     13 26.8  -47.5  4.0   GC     OMEGA
    5253     13 39.9  -31.6  11.0  G
    5286     13 46.2  -51.4  9.5   GC
    5307     13 51.1  -51.2  12.0  PN
    5460     14 07.7  -48.3  6.0   OC
    5483     14 10.5  -43.3  12.0  G
CEPHEUS                   CEP         5:18:16
    40       00 13.1  +72.5  10.0  PN
    188      00 44.4  +85.3  9.5   OC
    I-1396   21 39.1  +57.5  5.0   OC
    I-1470   23 05.2  +60.2  8.0   PN
    6939     20 31.4  +60.7  10.0  OC
    6946     20 34.8  +60.2  10.5  G
    6951     20 37.2  +66.1  12.0  G
    7023     21 00.5  +68.2  7.0   COMP
    7129     21 41.3  +66.1  11.5  COMP
    7139     21 46.0  +63.6  13.0  PN
    7142     21 45.9  +65.8  10.0  OC
    7160     21 53.7  +62.6  6.5   OC
    7235     22 12.6  +57.3  9.0   OC
    7261     22 20.4  +58.1  10.0  OC
    7380     22 47.0  +58.1  9.0   COMP
    7510     23 11.6  +60.5  9.5   OC
    7538     23 14.2  +61.5        DN
    7762     23 49.8  +68.0  10.0  OC
CETUS                     CET         6:31:14
    45       00 14.0  -23.2  11.0  G
    50       00 14.7  -07.4  12.0  G
    145      00 31.8  -05.2  12.0  G
    151      00 34.2  -09.7  12.5  G
    157      00 34.9  -08.4  11.5  G
    191      00 39.0  -09.1  12.0  G
    210      00 40.5  -13.9  12.0  G
    246      00 47.2  -12.2  8.5   PN
    247      00 47.0  -20.8  10.0  G
    428      01 13.0  +01.0  12.0  G
    578      01 30.4  -22.7  11.5  G
    584      01 31.3  -06.9  12.0  G
    596      01 32.8  -07.1  12.5  G
    615      01 35.1  -07.4  12.5  G
    720      01 53.0  -13.8  11.5  G
    748      01 56.4  -04.5  12.0  G
    779      01 59.7  -06.0  12.0  G
    864      02 15.4  +06.0  12.0  G
    895      02 21.5  -05.5  12.0  G
    908      02 23.1  -21.2  11.0  G
    936      02 27.7  -01.2  11.0  G
    945      02 28.6  -10.5  12.0  G
    947      02 28.6  -19.1  12.0  G
    988      02 35.2  -09.4  11.0  G
    1022     02 38.5  -06.7  12.5  G
    1042     02 40.4  -08.5  12.0  G
    1052     02 41.0  -08.3  12.0  G
    1055     02 41.8  +00.4  11.5  G
    1068     02 42.7  +00.0  10.5  G      M77
    1073     02 43.7  +01.4  11.5  G
    1087     02 46.5  -00.5  11.5  G
COLUMBA                   COL         2:4:4
    1792     05 05.2  -38.0  11.5  G
    1808     05 07.7  -37.5  11.0  G
    1851     05 14.0  -40.1  7.5   GC
    2090     05 47.0  -34.2  12.0  G
COMA BERENICES            COM         1:36:9
    4136     12 09.4  +30.0  12.0  G
    4147     12 10.2  +18.6  11.0  GC
    4192     12 13.9  +15.0  11.0  G      M98
    4203     12 15.2  +33.3  12.0  G
    4251     12 18.2  +28.2  12.0  G
    4254     12 18.9  +14.5  10.5  G      M99
    4274     12 19.9  +29.7  11.5  G
    4278     12 20.2  +29.3  11.5  G
    4293     12 21.3  +18.4  11.5  G
    4314     12 22.6  +29.9  11.5  G
    4321     12 23.0  +15.9  10.5  G      M100
    4350     12 24.0  +16.7  12.0  G
    4382     12 25.5  +18.2  10.5  G      M85
    4394     12 26.0  +18.3  12.0  G
    4414     12 26.4  +31.3  11.5  G
    4419     12 27.0  +15.2  12.5  G
    4448     12 28.2  +28.7  12.0  G
    4450     12 28.6  +17.1  11.5  G
    4459     12 29.1  +14.0  12.0  G
    4473     12 29.9  +13.5  12.0  G
    4477     12 30.1  +13.7  11.5  G
    4494     12 31.3  +25.8  11.0  G
    4501     12 32.1  +14.5  11.0  G      M88
    4548     12 35.5  +14.5  11.5  G
    4559     12 35.9  +28.0  10.5  G
    4565     12 36.3  +26.0  10.5  G
    4651     12 43.8  +16.4  12.0  G
    4689     12 47.9  +13.8  12.0  G
    4710     12 49.5  +15.2  12.0  G
    4725     12 50.4  +25.6  10.0  G
    4826     12 56.7  +21.7  9.0   G      M64- BLACKEYE NEBULA
    4874     12 59.6  +28.0  13.5  G
    4889     13 00.1  +28.0  12.5  G      CENTER OF COMA CLUSTER
    5024     13 12.9  +18.2  8.5   GC     M53
    5053     13 16.3  +17.7  11.0  GC
    MEL-111  12 24.6  +25.8  5.0          COMA STAR CLUSTER
CORONA AUSTRALIS          CRA         0:5:4
    6496     17 59.1  -44.2  10.5  GC
    6541     18 08.0  -43.7  8.0   GC
    6726     19 00.8  -36.9        DN
    6727     19 01.8  -36.9        DN
    6729     19 01.8  -37.0        DN
CORVUS                    CRV         5:5:4
    4027     11 59.6  -19.2  12.0  G
    4038     12 01.9  -18.8  10.5  G      RINGTAIL GALAXY
    4050     12 03.0  -16.3  12.5  G
    4361     12 24.6  -18.7  11.0  PN
    4802     12 55.8  -12.0  12.0  G
CRATER                    CRT         1:5:3
    3511     11 03.2  -23.1  12.0  G
    3513     11 03.5  -23.2  12.0  G
    3672     11 25.1  -09.8  12.0  G
    3887     11 47.2  -16.8  12.0  G
    3962     11 54.8  -13.9  12.5  G
CYGNUS                    CYG         4:35:18
    I-1311   20 10.9  +41.2  13.0  OC
    I-1318A  20 16.5  +41.8        DN
    I-1318B  20 28.5  +40.0        DN
    I-5067   20 48.7  +44.4        DN     PELICAN NEBULA
    I-5068   20 50.6  +42.5        DN
    I-5070   20 50.1  +44.3        DN
    I-5146   21 53.3  +47.3        DN     COCOON NEBULA
    6811     19 38.1  +46.6  9.0   OC
    6819     19 41.4  +40.2  10.0  OC
    6826     19 44.9  +50.6  9.0   PN     BLINKING PLANETARY
    6842     19 55.0  +29.3  13.5  PN
    6866     20 03.7  +44.0  9.0   OC
    6871     20 05.8  +35.8  6.0   OC
    6883     20 11.2  +35.9  8.0   OC
    6888     20 12.8  +38.4        DN     CRESCENT NEBULA
    6894     20 16.4  +30.6  14.5  PN
    6910     20 23.1  +40.8  7.5   OC
    6913     20 23.9  +38.6  9.0   OC     M29
    6960     20 45.6  +30.7        DN     VEIL NEBULA (PART)
    6992     20 56.3  +31.7        DN     VEIL NEBULA (PART)
    7000     21 01.8  +44.2        DN     NORTH AMERICAN NEBULA
    7008     21 00.5  +54.6  13.5  PN
    7027     21 07.0  +42.2  10.5  PN
    7031     21 07.3  +50.8  11.0  OC
    7039     21 12.2  +45.7  7.0   OC
    7044     21 12.9  +42.5  11.5  OC
    7048     21 14.2  +46.3  11.5  PN
    7062     21 23.2  +46.4  11.5  OC
    7063     21 24.4  +36.5  9.0   OC
    7086     21 30.6  +51.6  11.5  OC
    7092     21 32.2  +48.4  5.5   OC     M39
    7128     21 44.1  +53.7  11.5  OC
             19 34.8  +30.6        PN     CAMPBELL'S HYDROGEN STAR
    M-1-92   19 36.0  +29.6  11.0  EN     FOOTPRINT NEBULA
    COL-419  20 18.1  +40.7  7.0   OC
DELPHINUS                 DEL         2:4:6
    6891     20 15.2  +12.7  11.5  PN
    6905     20 22.4  +20.1  12.0  PN     BLUE FLASH NEBULA
    6934     20 34.1  +07.4  10.0  GC
    7006     21 01.5  +16.2  11.5  GC
DORADO                    DOR         0:3:0
    1515     04 03.9  -54.1  12.0  G
    1566     04 20.0  -54.9  10.5  G
    1617     04 31.7  -54.6  12.0  G
DRACO                     DRA         9:11:20
    3147     10 16.9  +73.4  12.0  G
    4125     12 08.0  +65.2  11.5  G
    4236     12 16.7  +69.5  10.5  G
    5866     15 06.5  +55.8  11.5  G
    5879     15 09.7  +57.0  12.0  G
    5907     15 15.9  +56.3  11.5  G
    5985     15 39.6  +59.3  12.0  G
    6015     15 51.5  +62.3  12.0  G
    6503     17 49.4  +70.2  11.5  G
    6543     17 58.6  +66.6  9.0   PN     CAT'S EYE NEBULA (+)
    6643     18 19.8  +74.6  12.5  G
ERIDANUS                  ERI         8:17:14
    685      01 47.7  -52.8  12.0  G
    1084     02 45.9  -07.6  12.0  G
    1179     03 01.9  -18.9  12.0  G
    1187     03 02.6  -22.9  11.0  G
    1232     03 09.7  -20.6  10.5  G
    1291     03 17.3  -41.1  10.0  G
    1300     03 19.7  -19.4  11.0  G
    1332     03 26.3  -21.3  11.5  G
    1337     03 28.0  -08.4  12.0  G
    1359     03 33.7  -19.5  13.0  G
    1395     03 38.5  -23.0  11.5  G
    1407     03 40.1  -18.6  12.0  G
    1532     04 12.1  -32.8  11.5  G
    1535     04 14.3  -12.7  9.5   PN
    1637     04 41.4  -02.9  11.5  G
    1723     04 59.4  -11.0  12.0  G
    I-2118   05 06.9  -06.7        DN     WITCH-HEAD NEBULA
FORNAX                    FOR         0:19:6
    986      02 33.6  -39.1  12.0  G
    1097     02 46.5  -30.3  10.5  G
    1201     03 04.2  -26.1  12.0  G
    1255     03 13.6  -25.8  12.0  G
    1302     03 19.9  -26.1  12.0  G
    1316     03 22.6  -37.2  10.5  G
    1326     03 23.9  -36.5  11.5  G
    1344     03 28.7  -31.1  12.0  G
    1350     03 31.1  -33.6  12.0  G
    1360     03 33.4  -25.8        PN
    1365     03 33.7  -36.1  10.5  G
    1371     03 35.0  -24.9  12.0  G
    1380     03 36.6  -35.0  11.5  G
    1385     03 37.4  -24.5  12.0  G
    1398     03 38.9  -26.3  11.0  G
    1399     03 38.5  -35.4  11.5  G
    1404     03 38.9  -35.6  12.0  G
    1425     03 42.1  -29.9  12.0  G
             02 39.0  -34.5  9.0   G      FORNAX DWARF GALAXY
GEMINI                    GEM         8:16:12
    I-443    06 16.9  +22.8        SR
    2129     06 01.1  +23.3  7.0   OC
    I-2157   06 04.7  +24.0  8.5   OC
    2158     06 07.3  +24.1  12.0  GC
    I-2158   06 07.3  +24.1  12.5  OC
    2168     06 08.8  +24.4  5.5   OC     M35
    2266     06 43.3  +27.0  9.5   OC
    2304     06 55.1  +18.1  11.0  OC
    2331     07 07.3  +27.4  8.5   OC
    2355     07 17.0  +13.8  9.5   OC
    2371     07 25.6  +29.4  13.0  PN
    2372     O7 25.6  +29.4  13.0  PN
    2392     07 29.2  +20.9  9.0   PN     CLOWN FACE (ESKIMO) NEBULA
    2395     07 27.1  +13.5  9.5   OC
    2420     07 38.4  +21.5  10.0  OC
    J-900    06 26.0  +17.8  12.0  PN
GRUS                      GRU         1:12:0
    7144     21 53.1  -48.3  12.0  G
    7410     22 54.7  -39.7  12.0  G
    7412     22 55.8  -42.7  12.0  G
    7418     22 56.6  -37.1  12.0  G
    7424     22 57.3  -41.1  11.0  G
    7456     23 02.1  -39.6  12.0  G
    7496     23 09.8  -43.5  12.0  G
    7531     23 14.9  -43.7  12.0  G
    7552     23 16.3  -42.7  12.0  G
    7582     23 18.6  -42.4  12.0  G
    7590     23 19.1  -42.3  12.5  G
    7599     23 19.5  -42.3  12.0  G
HERCULES                  HER         5:7:14
    I-4593   16 11.9  +12.0  10.0  PN
    6058     16 04.6  +40.6  13.5  PN
    6205     16 41.7  +36.5  7.0   GC     M13- HERCULES CLUSTER
    6207     16 43.1  +36.9  12.5  G
    6210     16 44.5  +23.8  9.5   PN
    6229     16 47.0  +47.6  10.5  GC
    6341     17 17.2  +43.2  7.5   GC     M92
HOROLOGIUM                HOR         0:6:0
    1249     03 10.0  -53.3  12.0  G
    1411     03 38.7  -44.1  12.0  G
    1433     03 42.0  -47.2  11.0  G
    1448     03 44.5  -44.6  11.5  G
    1493     03 57.5  -46.2  12.0  G
    1512     04 03.9  -43.3  11.5  G
HYDRA                     HYA         1:20:14
    2548     08 13.6  -05.8  5.5   OC     M48
    2784     09 12.3  -24.2  12.0  G
    2835     09 17.9  -22.3  11.5  G
    2935     09 36.8  -21.1  12.0  G
    3109     10 03.0  -26.1  10.5  G
    3242     10 24.8  -18.6        PN     GHOST OF JUPITER
    3450     10 48.0  -20.8  12.0  G
    3585     11 13.3  -26.7  12.0  G
    3621     11 18.3  -32.8  10.0  G
    3904     11 49.3  -29.3  12.5  G
    3923     11 51.1  -28.8  11.5  G
    4105     12 06.7  -29.7  12.5  G
    4106     12 06.8  -29.8  12.5  G
    4590     12 39.4  -26.7  9.0   GC     M68
    5061     13 18.1  -26.8  12.0  G
    5078     13 19.9  -27.4  12.0  G
    5085     13 20.4  -24.4  12.0  G
    5101     13 21.8  -27.4  12.0  G
    5236     13 37.1  -29.8  8.5   G      M83
    5694     14 39.7  -26.5  11.0  GC
INDUS                     IND         0:2:0
    7049     21 19.0  -48.6  12.0  G
    7090     21 36.3  -54.6  11.5  G
LACERTA                   LAC         0:5:6
    I-5217   22 23.9  +50.9  12.5  PN
    7209     22 05.2  +46.5  8.0   OC
    7243     22 15.3  +49.9  6.5   OC
    7245     22 15.2  +54.3  11.5  OC
    7296     22 28.2  +52.3  9.5   OC
LEO                       LEO         10:32:18
    2903     09 32.1  +21.5  10.0  G
    2964     09 42.9  +31.9  12.5  G
    3185     10 17.7  +21.7  12.5  G
    3187     10 17.8  +21.9  14.0  G
    3190     10 18.1  +21.9  12.0  G
    3193     10 18.5  +21.9  12.5  G
    3226     10 23.5  +19.9  12.5  G
    3227     10 23.6  +19.9  12.0  G
    3287     10 34.9  +21.7  13.0  G
    3301     10 37.0  +21.9  12.5  G
    3338     10 42.1  +13.8  11.5  G
    3351     10 43.9  +11.7  11.0  G      M95
    3368     10 46.7  +11.9  10.5  G      M96
    3377     10 47.7  +14.0  11.5  G
    3379     10 47.8  +12.6  11.0  G      M105
    3384     10 48.2  +12.7  11.5  G
    3412     10 50.8  +13.4  12.0  G
    3489     11 00.3  +13.9  11.5  G
    3507     11 03.4  +18.2  11.5  G
    3521     11 05.9  +00.0  10.5  G
    3593     11 14.6  +12.9  12.0  G
    3596     11 15.1  +14.8  12.0  G
    3607     11 16.9  +18.1  12.0  G
    3623     11 18.9  +13.1  10.5  G      M65
    3626     11 20.0  +18.4  12.0  G
    3627     11 20.2  +13.0  10.0  G      M66
    3628     11 20.3  +13.6  10.5  G
    3640     11 21.1  +03.3  12.0  G
    3646     11 21.7  +20.2  12.0  G
    3686     11 27.7  +17.3  12.0  G
    3705     11 30.1  +09.3  12.0  G
    3810     11 41.0  +11.5  11.5  G
LEO MINOR                 LMI         0:11:1
    2859     09 24.3  +34.5  12.0  G
    3003     09 48.6  +33.4  12.0  G
    3245     10 27.3  +28.5  12.0  G
    3254     10 29.3  +29.5  12.0  G
    3294     10 36.2  +37.4  12.0  G
    3344     10 43.6  +25.0  11.0  G
    3414     10 51.3  +28.0  12.0  G
    3430     10 52.2  +33.0  12.0  G
    3432     10 52.5  +36.7  12.0  G
    3486     11 00.5  +29.0  11.0  G
    3504     11 04.3  +28.0  12.0  G
LEPUS                     LEP         2:4:10
    I-418    05 27.8  -11.2  12.0  PN
    1744     04 59.9  -26.1  12.0  G
    1904     05 24.2  -24.6  8.5   GC     M79
    1964     05 33.3  -22.0  11.5  G
LIBRA                     LIB         3:4:9
    5792     14 58.4  -01.1  12.0  G
    5885     15 15.1  -10.1  12.0  G
    5897     15 17.3  -21.0  9.5   GC
    ME-2-1   15 22.5  -23.6  12.0  PN
LUPUS                     LUP         0:9:4
    5530     14 18.6  -43.4  12.0  G
    5643     14 32.6  -44.2  11.5  G
    5749     14 48.9  -54.5  9.0   OC
    5822     15 05.2  -54.4  6.5   OC
    5824     15 03.9  -33.1  10.0  GC
    5873     15 12.9  -38.1  13.5  PN
    5882     15 16.9  -45.7  10.5  PN
    5927     15 28.0  -50.7  9.5   GC
    5986     15 46.0  -37.8  8.5   GC
LYNX                      LYN         0:5:10
    2419     07 38.2  +38.9  11.5  GC
    2541     08 14.6  +49.0  12.0  G
    2683     08 52.7  +33.4  11.0  G
    2770     09 09.5  +33.1  12.0  G
    2776     09 12.3  +45.0  12.0  G
LYRA                      LYR         3:3:13
    6720     18 53.5  +33.0  9.5   PN     M57- RING NEBULA
    6779     19 16.6  +30.1  9.5   GC     M56
    6791     19 20.8  +37.8  11.0  OC
MICROSCOPIUM              MIC         0:2:2
    6923     20 31.6  -30.8  12.0  G
    6925     20 34.3  -32.0  12.0  G
MONOCEROS                 MON         0:30:10
    I-2177   07 05.5  -09.6        DN
    2215     06 20.8  -07.3  8.5   OC
    2232     06 26.7  -04.7  4.0   OC
    2236     06 29.6  +06.9  11.5  OC
    2237     06 30.3  +05.1        COMP
    2238     06 30.5  +05.1        DN
    2239     06 30.9  +05.0        OC
    2244     06 32.3  +04.9  5.0   COMP   ROSETTE NEBULA
    2247     06 33.1  +10.4        DN
    2250     06 32.7  -05.0  9.0   OC
    2251     06 34.6  +08.4  8.5   OC
    2252     06 34.9  +05.4  7.5   OC
    2254     06 36.1  +07.7  11.0  OC
    2259     06 38.6  +10.9  11.0  OC
    2261     06 39.2  +08.8        DN     HUBBLE'S VARIABLE NEBULA
    2262     06 38.4  +01.2  11.5  OC
    2264     06 41.2  +09.9  4.0   COMP   CONE NEBULA (CHRISTMAS TREE)
    2269     06 43.9  +04.6  10.0  OC
    2286     06 47.7  -03.2  8.5   OC
    2301     06 51.8  +00.5  6.5   OC
    2309     06 56.0  -07.2  10.5  OC
    2311     06 57.7  -04.6  9.5   OC
    2323     07 02.9  -08.3  7.0   OC     M50
    2324     07 04.2  +01.0  9.0   OC
    2335     07 06.6  -10.0  9.5   OC
    2343     07 08.3  -10.6  8.0   OC
    2353     07 14.7  -10.3  5.0   OC
    2368     07 21.0  -10.3  12.0  OC
    2506     08 00.1  -10.8  8.5   OC
    MEL-72   07 38.1  -10.7  9.0   OC
NORMA                     NOR         0:7:0
    5925     15 27.7  -54.5  8.5   OC
    5946     15 35.4  -50.7  11.0  GC
    6031     16 07.7  -54.1  12.0  OC
    6067     16 13.3  -54.3  6.5   OC
    6134     16 27.8  -49.2  9.0   OC
    6152     16 32.8  -52.7  8.0   OC
    6169     16 34.1  -44.1  5.5   OC
OPHIUCHUS                 OPH         6:29:10
    I-4604   16 25.3  -22.8        DN
    I-4634   17 01.5  -20.3  12.5  PN
    I-4665   17 46.2  +05.7  6.0   OC
    6171     16 32.5  -13.1  10.0  GC     M107
    6218     16 47.2  -01.9  8.0   GC     M12
    6235     16 53.4  -22.1  11.0  GC
    6254     16 57.1  -04.1  7.5   GC     M10
    6273     17 02.5  -26.2  8.5   GC     M19
    6284     17 04.5  -24.7  10.5  GC
    6287     17 05.1  -22.7  11.0  GC
    6293     17 10.3  -26.5  9.5   GC
    6304     17 14.6  -29.4  10.0  GC
    6309     17 14.0  -12.9  11.5  PN
    6316     17 16.6  -28.1  10.0  GC
    6325     17 18.0  -23.7  12.5  GC
    6333     17 19.2  -18.5  9.0   GC     M9
    6342     17 21.2  -19.6  11.5  GC
    6355     17 24.1  -26.3  9.5   GC
    6356     17 23.7  -17.8  9.5   GC
    6366     17 27.7  -05.1  12.0  GC
    6369     17 29.3  -23.8  11.0  PN     LITTLE GHOST
    6384     17 32.4  +07.1  12.0  G
    6402     17 37.6  -03.3  9.5   GC     M14
    6517     18 01.9  -09.0  13.0  GC
    6539     18 04.9  -07.6  12.5  GC
    6572     18 12.1  +06.8  9.5   PN
    6633     18 27.5  +06.6  5.5   OC
    B-72     17 24.0  -23.6        DN     S NEBULA
    H-15     17 29.2  -29.5  9.0   OC
ORION                     ORI         10:21:21
    I-430    05 38.6  -06.9        DN
    I-434    05 41.2  -01.6  2.0   COMP   HORSEHEAD NEBULA
    1662     04 48.5  +10.9  8.0   OC
    1788     05 06.9  -03.6        DN
    1976     05 35.3  -05.4        COMP   M42- ORION NEBULA
    1977     05 35.4  -04.8        COMP
    1980     05 35.2  -05.9  2.5   COMP
    1981     05 35.2  -04.5        OC
    1982     05 35.5  -05.3        DN     M43
    1990     05 36.3  -01.2        DN
    1999     05 36.5  -06.7        DN
    2022     05 42.1  +09.1  10.5  PN
    2024     05 42.0  -01.9        DN
    2068     05 46.8  +00.1        DN     M78
    2112     05 53.9  +00.4  9.0   OC
    2141     06 03.1  +10.4  11.0  OC
    2169     06 08.4  +14.0  7.0   OC
    2174     06 09.7  +20.5        DN
    2175     06 09.8  +20.3  7.0   COMP
    2186     06 12.0  +05.5  9.0   OC
    2194     06 13.8  +12.8  10.5  OC
PEGASUS                   PEG         10:10:13
    7078     21 30.0  +12.2  7.5   GC     M15
    7094     21 36.9  +12.8        PN
    7217     22 07.8  +31.3  11.5  G
    7331     22 37.0  +34.4  10.5  G
    7448     23 00.0  +16.0  12.5  G
    7457     23 01.0  +30.1  12.0  G
    7479     23 05.0  +12.3  11.5  G
    7741     23 44.0  +26.0  12.0  G
    7772     23 51.8  +16.2        OC
    7814     00 05.3  +16.1  12.0  G
PERSEUS                   PER         5:25:13
    I-348    03 44.8  +32.2  8.0   RN
    650      01 42.0  +51.6  12.0  PN     M76- LITTLE DUMBBELL NEBULA
    651      01 42.0  +51.6  12.0  PN
    744      01 58.6  +55.5  9.0   OC
    869      02 19.1  +57.1  4.5   OC     H PER
    884      02 22.5  +57.1  4.5   OC     X PER
    957      02 33.6  +57.5  7.0   OC
    1003     02 39.3  +40.9  12.0  G
    1023     02 40.5  +39.1  11.0  G
    1039     02 42.0  +42.8  6.0   OC     M34
    1058     02 43.6  +37.3  12.5  G
    1220     03 11.6  +53.4  12.0  OC
    1245     03 14.6  +47.3  9.0   OC
    1342     03 31.6  +37.4  7.0   OC
    1444     03 49.4  +52.7  6.5   OC
    1496     04 04.4  +52.7  9.5   OC
    1499     04 03.3  +36.5        DN     CALIFORNIA NEBULA
    1513     04 10.1  +49.6  9.0   OC
    1528     04 15.4  +51.3  6.5   OC
    1545     04 20.9  +50.3  8.0   OC
    1582     04 32.2  +43.9  7.0   OC
    1605     04 35.0  +45.3  11.0  OC
    1624     04 40.3  +50.4  12.0  COMP
    TR-2     02 37.1  +56.0  8.0   OC
    K-5      03 14.6  +52.7  10.0  OC
PISCES                    PSC         1:6:10
    474      01 20.1  +03.4  12.0  G
    488      01 21.8  +05.2  11.5  G
    524      01 24.8  +09.5  12.0  G
    628      01 36.6  +15.8  10.5  G      M74
    676      01 48.9  +05.9  10.5  G
    7757     23 48.8  +04.1  12.0  G
PISCIS AUSTRINUS          PSA         1:7:6
    7172     22 02.0  -31.9  12.0  G
    7174     22 02.1  -32.0  12.0  G
    7214     22 09.1  -27.8  12.0  G
    7221     22 11.2  -30.7  12.0  G
    7229     22 14.0  -29.5  12.0  G
    7259     22 23.1  -29.0  12.0  G
    7314     22 35.8  -26.1  12.0  G
PUPPIS                    PUP         3:35:11
    2298     06 49.0  -36.0  10.5  GC
    2396     07 28.2  -11.8  7.5   OC
    2414     07 33.2  -15.5  8.0   OC
    2421     07 36.3  -20.7  9.0   OC
    2422     07 36.6  -14.5  4.5   OC     M47
    2423     07 37.2  -13.9  7.0   OC
    2427     07 36.5  -47.7  12.0  G
    2432     07 40.9  -19.1  10.0  OC
    2437     07 41.8  -14.9  6.5   OC     M46
    2438     07 41.8  -14.8  11.5  PN
    2439     07 41.0  -31.7  7.0   OC
    2440     07 42.1  -18.3  11.5  PN
    2447     07 44.6  -23.9  6.5   OC     M93
    2451     07 45.4  -38.0  3.5   OC
    2452     07 47.4  -27.4  12.5  PN
    2453     07 47.7  -27.3  9.0   OC
    2455     07 49.0  -21.3  10.0  OC
    2467     07 52.4  -26.4  7.0   COMP
    2477     07 52.3  -38.6  5.5   OC
    2482     07 55.0  -24.3  8.5   OC
    2489     07 56.2  -30.1  9.5   OC
    2509     08 00.7  -19.1  9.5   OC
    2527     08 05.2  -28.2  8.0   OC
    2533     08 07.0  -29.9  10.0  OC
    2539     08 10.8  -12.9  8.0   OC
    2546     08 12.4  -37.7  5.0   OC
    2567     08 18.6  -30.7  8.5   OC
    2571     08 18.9  -29.8  7.5   OC
    2579     08 21.0  -36.2  9.0   COMP
    2580     08 21.6  -30.4  9.5   OC
    2587     08 23.3  -29.5  9.0   OC
    2588     08 23.2  -33.0  12.0  OC
    MEL-71   07 37.7  -12.1  9.0   OC
    H-2      07 55.2  -25.9  9.0   OC
    TR-9     07 56.3  -26.0  9.0   OC
PYXIS                     PYX         0:6:4
    2613     08 33.4  -23.0  11.0  G
    2627     08 37.2  -30.0  8.5   OC
    2635     08 38.5  -34.8  10.0  OC
    2658     08 43.4  -32.7  9.0   OC
    2818     09 16.0  -36.6  10.0  OC
    2818A    09 16.0  -36.6  10.0  PN
SAGITTARIUS               SGR         8:47:10
    I-4725   18 31.8  -18.7  6.5   OC     M25
    I-4776   18 45.8  -32.6  12.5  PN
    6440     17 48.9  -20.4  12.0  GC
    6469     17 52.9  -22.3  8.0   OC
    6494     17 57.0  -19.0  6.0   OC     M23
    6507     17 59.7  -17.4  9.5   OC
    6514     18 02.3  -23.0  5.0   COMP   M20- TRIFID NEBULA
    6520     18 03.5  -27.9  7.5   OC
    6522     18 03.6  -30.0  10.5  GC
    6523     18 03.1  -24.4  5.0   COMP   M8- LAGOON NEBULA
    6528     18 04.8  -30.1  11.0  GC
    6530     18 04.7  -24.3  7.5   COMP
    6531     18 04.6  -22.5  7.0   OC     M21
    6540     18 06.4  -27.8  14.5  OC
    6546     18 07.2  -23.3  8.5   OC
    6553     18 09.5  -25.9  10.0  GC
    6558     18 10.2  -31.8        GC
    6563     18 12.1  -33.9  14.0  PN
    6565     18 11.9  -28.2  13.0  PN
    6567     18 13.8  -19.1  11.5  PN
    6568     18 12.8  -21.6  8.5   OC
    6569     18 13.6  -31.8  10.5  GC
    6583     18 15.8  -22.2  12.0  OC
    6595     18 17.0  -19.9  7.0   COMP
    6603     18 18.5  -18.4  11.5  OC     M24
    6613     18 20.0  -17.1  8.0   OC     M18
    6618     18 20.7  -16.2  7.0   COMP   M17- OMEGA NEBULA
    6624     18 23.7  -30.4  9.5   GC
    6626     18 24.5  -24.9  8.5   GC     M28
    6629     18 25.7  -23.2  12.0  PN
    6637     18 31.3  -32.4  9.0   GC     M69
    6638     18 30.9  -25.5  10.0  GC
    6642     18 31.4  -23.5  10.5  GC
    6644     18 32.5  -25.2  12.0  PN
    6645     18 32.5  -16.9  8.5   OC
    6652     18 35.7  -33.0  10.0  GC
    6656     18 36.3  -24.0  6.5   GC     M22
    6681     18 43.2  -32.3  9.0   GC     M70
    6715     18 55.2  -30.5  8.5   GC     M54
    6716     18 54.6  -19.9  7.0   OC
    6723     18 59.6  -36.7  7.5   GC
    6809     19 40.1  -30.9  7.0   GC     M55
    6818     19 43.9  -14.1  10.0  PN     LITTLE GEM
    6822     19 44.9  -14.7  10.0  G      BARNARD'S GALAXY
    6864     20 06.2  -21.9  9.5   GC     M75
    B-86     18 03.1  -24.8        DN
    B-92     18 15.7  -18.3        DN
SCORPIUS                  SCO         7:40:7
    I-4591   16 12.2  -26.4        DN
    I-4592   16 11.9  -18.8        DN
    I-4605   16 30.0  -25.1        DN
    6072     16 12.9  -36.3  14.0  PN
    6093     16 17.1  -23.0  8.5   GC     M80
    6121     16 23.6  -26.6  7.5   GC     M4
    6124     16 25.6  -40.7  6.5   OC
    6139     16 27.7  -38.9  10.5  GC
    6144     16 27.2  -26.1  11.0  GC
    6153     16 31.4  -40.3  11.5  PN
    6178     16 35.7  -45.7  7.0   OC
    6192     16 40.4  -43.3  8.5   OC
    6222     16 50.7  -44.7  10.0  OC
    6231     16 54.3  -41.8  8.5   OC
    6242     16 55.6  -39.5  8.0   OC
    6249     16 57.6  -44.7  9.5   OC
    6259     17 00.7  -44.6  8.5   OC
    6266     17 01.3  -30.1  8.0   GC     M62
    6268     17 02.0  -39.7  9.5   OC
    6281     17 04.8  -37.9  8.5   OC
    6318     17 17.7  -39.4  12.0  OC
    6322     17 18.5  -42.9  6.5   OC
    6374     17 32.2  -32.6  10.0  OC
    6383     17 34.6  -32.6  5.5   OC
    6388     17 36.2  -44.7  8.5   GC
    6396     17 38.2  -35.0  11.0  OC
    6400     17 40.8  -36.9  9.0   OC
    6404     17 39.5  -33.2  10.5  OC
    6405     17 40.0  -32.2  4.5   OC     M6
    6416     17 44.3  -32.4  8.5   OC
    6425     17 46.9  -31.5  9.0   OC
    6441     17 50.2  -37.0  9.0   GC
    6451     17 50.7  -30.2  8.5   OC
    6453     17 51.4  -34.6  11.5  GC
    6475     17 54.0  -34.8  3.5   OC     M7
    H-12     16 56.1  -40.7  9.0   OC
    H-14     17 24.6  -39.0  10.0  OC
    H-16     17 30.8  -36.8  9.0   OC
    H-17     17 40.6  -40.1  8.0   OC
    H-18     17 56.4  -35.3  10.0  OC
SCULPTOR                  SCL         0:12:6
    24       00 10.0  -25.0  12.0  G
    55       00 15.1  -39.3  8.0   G
    134      00 30.3  -33.3  11.0  G
    253      00 47.5  -25.3  7.5   G
    288      00 52.6  -26.6  9.0   GC
    289      00 52.8  -31.3  12.0  G
    300      00 55.0  -37.7  10.0  G
    613      01 34.3  -29.4  11.0  G
    7513     23 13.1  -28.4  12.0  G
    7713     23 36.4  -38.0  12.0  G
    7755     23 47.9  -30.6  12.0  G
    7793     23 57.9  -32.6  10.0  G
SCUTUM                    SCT         0:10:4
    I-1287   18 30.4  -09.1        DN
    6631     18 27.2  -12.1  11.5  OC
    6649     18 33.5  -10.4  10.5  OC
    6664     18 36.8  -08.3  9.0   OC
    6683     18 42.1  -06.3  9.5   OC
    6694     18 45.4  -09.4  9.5   OC     M26
    6704     18 50.8  -05.2  9.5   OC
    6705     18 51.0  -06.3  7.0   OC     M11
    6712     18 53.1  -08.8  10.0  GC
    I-1298   18 54.6  -08.7  14.0  PN     (=I-1295)
SERPENS                   SER         2:8:14
    I-4756   18 39.0  +05.5  5.0   OC
    5904     15 18.6  +02.1  7.0   GC     M5
    5921     15 21.9  +05.1  12.0  G
    6118     16 21.9  -02.3  12.0  G
    6535     18 03.9  -00.3  12.0  GC
    6604     18 18.1  -12.2  8.0   OC
    6611     18 18.8  -13.8  6.5   COMP   M16- EAGLE NEBULA
    H-19     18 18.7  -13.3  9.0   OC
SEXTANS                   SEX         0:5:5
    2967     09 42.1  +00.4  12.0  G
    3115     10 05.2  -07.7  10.5  G      SPINDLE NEBULA
    3166     10 13.8  +03.5  11.5  G
    3169     10 14.2  +03.5  11.5  G
    3423     10 51.2  +05.9  12.0  G
TAURUS                    TAU         10:12:14
    I-349    03 46.2  +23.8  4.0   PN
    1432     03 46.0  +24.2        DN
    1435     03 46.2  +23.8        DN
    1514     04 09.3  +30.8        PN
    1555     04 22.9  +19.6        DN     HIND'S VARIABLE NEBULA
    1647     04 46.2  +19.0  6.0   OC
    1746     05 03.6  +23.8  6.0   OC
    1807     05 10.6  +16.5  8.5   OC
    1817     05 11.0  +16.7  8.0   OC
    1952     05 34.5  +22.0  9.0   PN     M1- CRAB NEBULA
    M-45     03 47.2  +24.1  2.0   OC     M45- PLEIADES
             04 26.4  +16.0  1.0   OC     HYADES
TELESCOPIUM               TEL         0:1:0
    6584     18 18.6  -52.2  9.5   GC
    598      01 33.9  +30.6  7.0   G      M33- PINWHEEL GALAXY
    670      01 47.4  +27.8  13.0  G
    672      01 47.9  +27.4  11.5  G
    784      02 01.2  +28.8  12.0  G
    925      02 27.3  +33.6  11.5  G
URSA MAJOR                UMA         15:57:16
    2681     08 53.6  +51.3  11.5  G
    2685     08 55.6  +58.7  12.0  G
    2768     09 11.5  +60.1  12.0  G
    2787     09 19.3  +69.2  12.0  G
    2805     09 20.3  +64.1  12.0  G
    2841     09 22.0  +51.0  10.5  G
    2950     09 42.6  +58.9  12.5  G
    2976     09 47.3  +67.9  11.5  G
    2985     09 50.3  +72.3  11.5  G
    3031     09 55.6  +69.1  8.5   G      M81
    3034     09 55.9  +69.7  9.5   G      M82
    3077     10 03.4  +68.8  11.5  G
    3079     10 02.0  +55.7  12.0  G
    3184     10 18.3  +41.5  11.0  G
    3198     10 19.9  +45.6  11.0  G
    3310     10 38.8  +53.5  11.5  G
    3319     10 39.2  +41.7  11.5  G
    3359     10 46.5  +63.3  11.5  G
    3556     11 11.6  +55.7  11.0  G      M108
    3583     11 14.2  +48.4  12.0  G
    3587     11 14.7  +55.1  12.0  PN     M97- OWL NEBULA
    3610     11 18.4  +58.8  12.0  G
    3613     11 18.6  +58.0  12.0  G
    3631     11 21.0  +53.2  11.5  G
    3642     11 22.2  +59.1  12.0  G
    3675     11 26.2  +43.6  11.5  G
    3718     11 32.6  +53.1  11.5  G
    3726     11 33.4  +47.1  11.0  G
    3877     11 46.1  +47.5  12.0  G
    3893     11 48.6  +48.8  11.5  G
    3898     11 49.2  +56.1  11.5  G
    3938     11 52.8  +44.2  11.0  G
    3941     11 52.9  +37.0  11.5  G
    3945     11 53.2  +60.7  12.0  G
    3949     11 53.7  +47.9  12.0  G
    3953     11 53.8  +52.4  11.0  G
    3982     11 56.5  +55.2  12.5  G
    3992     11 57.6  +53.4  11.0  G      M109
    3998     11 58.0  +55.2  12.0  G
    4013     11 58.6  +44.0  12.5  G
    4026     11 59.4  +51.0  12.0  G
    4036     12 01.5  +61.9  12.0  G
    4041     12 02.2  +62.2  12.0  G
    4051     12 04.2  +44.6  11.5  G
    4062     12 04.1  +32.0  12.0  G
    4088     12 05.6  +50.6  11.5  G
    4096     12 06.1  +47.5  12.0  G
    4100     12 06.2  +49.6  12.0  G
    4111     12 07.1  +43.1  12.0  G
    4157     12 11.1  +50.5  12.0  G
    4605     12 40.0  +61.7  11.5  G
    5204     13 29.5  +58.5  12.0  G
    5322     13 49.2  +60.2  11.5  G
    5457     14 03.3  +54.4  8.5   G      M101
    5474     14 05.1  +53.7  11.5  G
    5585     14 19.8  +56.8  11.5  G
    M-40     12 21.2  +58.3  9.0   DS     M40
VELA                      VEL         2:15:2
    I-2391   08 40.2  -51.3  2.5   OC
    I-2395   08 45.0  -48.2  4.5   OC
    2547     08 10.6  -49.3  5.0   OC
    2659     08 42.7  -45.0  9.5   OC
    2660     08 42.2  -47.2  11.0  OC
    2670     08 45.5  -48.8  9.5   OC
    2671     08 46.2  -41.9  11.5  OC
    2910     09 30.0  -52.9  8.5   OC
    2925     09 33.5  -53.4  8.5   OC
    2972     09 40.2  -50.3  10.0  OC
    3105     10 00.7  -54.8  11.0  OC
    3132     10 07.1  -40.4  8.0   PN
    3201     10 17.5  -46.4  9.0   GC
    3228     10 21.7  -51.7  6.5   OC
    3330     10 38.6  -54.1  8.5   OC
VIRGO                     VIR         8:92:15
    4030     12 00.4  -01.1  11.5  G
    4123     12 08.2  +02.9  12.0  G
    4178     12 12.8  +10.9  12.0  G
    4179     12 12.9  +01.4  12.0  G
    4216     12 15.9  +13.2  11.0  G
    4261     12 19.4  +05.9  11.5  G
    4303     12 22.0  +04.5  10.5  G      M61
    4365     12 24.5  +07.4  11.0  G
    4371     12 25.0  +11.8  12.0  G
    4374     12 25.1  +12.9  11.0  G      M84
    4388     12 25.8  +12.7  12.0  G
    4406     12 26.3  +13.0  11.0  G      M86
    4429     12 27.5  +11.2  11.5  G
    4435     12 27.7  +13.1  12.0  G
    4438     12 27.8  +13.1  11.0  G
    4442     12 28.1  +09.9  11.5  G
    4457     12 29.0  +03.6  12.0  G
    4472     12 29.8  +08.1  10.0  G      M49
    4486     12 30.9  +12.4  11.0  G      M87
    4487     12 30.9  -08.0  12.0  G
    4496     12 31.7  +04.0  12.0  G
    4504     12 32.3  -07.5  12.0  G
    4517     12 32.8  +00.2  11.5  G
    4526     12 34.1  +07.8  11.0  G
    4527     12 34.2  +02.7  11.5  G
    4535     12 34.4  +08.3  11.0  G
    4536     12 34.5  +02.2  11.0  G
    4546     12 35.5  -03.8  12.0  G
    4552     12 35.7  +12.6  11.5  G      M89
    4568     12 36.6  +11.3  12.0  G      SIAMESE TWIN (TO 4567)
    4569     12 36.9  +13.2  11.0  G      M90
    4570     12 36.9  +07.3  12.0  G
    4578     12 37.6  +09.6  12.0  G
    4579     12 37.8  +11.9  11.0  G      M58
    4593     12 39.6  -05.3  12.0  G
    4594     12 39.9  -11.6  9.5   G      M104- SOMBRERO GALAXY
    4596     12 40.0  +10.2  12.0  G
    4621     12 42.1  +11.7  11.5  G      M59
    4636     12 42.9  +02.7  11.0  G
    4637     12 43.0  +11.5  12.0  G
    4643     12 43.2  +02.0  12.0  G
    4647     12 43.6  +11.6  12.0  G
    4649     12 43.7  +11.6  10.5  G      M60
    4654     12 44.0  +13.2  11.5  G
    4665     12 45.2  +03.1  11.5  G
    4666     12 45.2  -00.4  11.5  G
    4691     12 48.2  -03.3  12.0  G
    4697     12 48.6  -05.8  10.5  G
    4698     12 48.5  +08.5  12.0  G
    4699     12 49.1  -08.6  11.0  G
    4731     12 51.0  -06.4  11.5  G
    4742     12 51.8  -10.4  12.5  G
    4753     12 52.4  -01.2  11.0  G
    4754     12 52.4  +11.4  12.0  G
    4762     12 53.0  +11.3  11.5  G
    4775     12 53.7  -06.6  12.0  G
    4781     12 54.4  -10.5  12.0  G
    4818     12 56.9  -08.5  12.0  G
    4856     12 59.3  -15.0  11.5  G
    4866     12 59.4  +14.2  12.0  G
    4900     13 00.7  +02.5  12.0  G
    4902     13 00.9  -14.5  12.0  G
    4939     13 04.3  -10.2  11.5  G
    4958     13 05.7  -08.0  12.0  G
    4984     13 09.0  -15.5  12.0  G
    4995     13 09.6  -07.8  12.0  G
    5018     13 12.9  -19.5  12.0  G
    5044     13 15.4  -16.4  12.0  G
    5054     13 16.9  -16.6  11.5  G
    5068     13 18.9  -21.0  11.0  G
    5079     13 19.6  -12.7  12.0  G
    5170     13 29.7  -17.9  12.0  G
    5247     13 38.0  -17.9  11.5  G
    5300     13 48.3  +04.0  12.0  G
    5334     13 52.9  -01.1  12.0  G
    5339     13 53.8  -07.9  12.0  G
    5363     13 56.2  +05.3  11.5  G
    5364     13 56.3  +05.1  11.0  G
    5427     14 03.4  -06.0  12.0  G
    5566     14 20.4  +04.0  11.5  G
    5576     14 21.1  +03.3  12.0  G
    5584     14 22.4  -00.4  12.0  G
    5634     14 29.6  -06.0  11.0  GC
    5668     14 33.5  +04.5  12.0  G
    5701     14 39.1  +05.4  12.0  G
    5713     14 40.2  -00.3  12.0  G
    5746     14 45.0  +01.8  11.5  G
    5813     15 01.2  +01.7  12.0  G
    5838     15 05.5  +02.1  12.0  G
    5846     15 06.5  +01.6  11.5  G
    5850     15 07.2  +01.5  12.5  G
    3C273    12 27.9  +02.2  12.0  QSO
VULPECULA                 VUL         0:10:5
    6802     19 30.6  +20.3  12.0  OC
    6823     19 43.2  +23.4  10.0  COMP
    6830     19 51.1  +23.1  9.0   OC
    6834     19 52.2  +29.5  10.0  OC
    6853     19 59.6  +22.8  7.5   PN     M27- DUMBBELL NEBULA
    6882     20 11.6  +26.6  5.5   OC
    6885     20 11.9  +26.5  9.0   OC
    6940     20 34.5  +28.3  6.5   OC
    COL-399  19 26.2  +25.2  5.0   OC     COATHANGER
    STOCK-1  19 36.0  +25.2
