
  1   1952 Tau  5 31.5 +21 59   6x 4  8.5 NG [yri{issumu                      
  2   7089 Aqr 21 30.9 -01 03   8     6.5 CG                                  
  3   5272 CVn 13 39.9 +28 38  10     6.5 CG                                  
  4   6121 Sco 16 20.6 -26 24  14     6.5 CG                                  
  5   5904 Ser 15 16.0 +02 16  13     6.0 CG                                  
  6   6405 Sco 17 36.8 -32 11  25     5.5 CO                                  
  7   6475 Sco 17 50.7 -34 48  60     3.0 CO                                  
  8   6523 Sgr 18 01.6 -24 20  60x35  6.5 NG Laguunisumu                      
  9   6333 Oph 17 16.2 -18 28   2     7.5 CG                                  
 10   6254 Oph 16 54.5 -04 02   8     6.5 CG                                  
 11   6705 Sct 18 48.4 -06 20  10     6.5 CO Villihanhi                       
 12   6218 Oph 16 44.7 -01 52   9     6.5 CG                                  
 13   6205 Her 16 39.9 +36 33  10     5.5 CG Herkuleen pallomainen t{htijoukko
 14   6405 Oph 17 35.0 -03 13   3     7.5 CG                                  
 15   7078 Peg 21 27.6 +11 57   7     6.0 CG                                  
 16   6611 Ser 18 16.0 -13 48  25     6.5 CO                                  
 17   6618 Sgr 18 17.9 -16 12  22     7.5 NG Omega-sumu                       
 18   6613 Sgr 18 17.0 -17 09  12     7.5 CO                                  
 19   6273 Oph 16 59.5 -26 11   4     6.5 CG                                  
 20   6514 Sgr 17 58.9 -23 02  29x27  7.0 NG Trifid-sumu                      
 21   6531 Sgr 18 01.8 -22 30  10     6.5 CO                                  
 22   6656 Sgr 18 33.3 -23 58  17     6.0 CG                                  
 23   6494 Sgr 17 54.0 -19 01  25     7.0 CO                                  
 24   6603 Sgr 18 15.2 -18 27   4     4.5 CO                                  
 25 I 4725 Sgr 18 28.8 -19 17  40     6.5 CO                                  
 26   6694 Sct 18 42.5 -09 27   9     9.5 CO                                  
 27   6853 Vul 19 57.4 +22 35   8x 4  7.5 NP Nostopainosumu                   
 28   6626 Sgr 18 21.5 -24 54   5     7.5 CG                                  
 29   6913 Cyg 20 22.2 +38 21  12     7.0 CO                                  
 30   7099 Cap 21 37.5 -23 25   6     8.5 CG                                  
 31    224 And  0 40   +41    160x35  4.5 GS Andromedan galaksi               
 32    221 And  0 40.0 +40 36   3     8.5 GE                                  
 33    598 Tri  1 31.1 +30 24  65x35  6.5 GS Kolmion galaksi                  
 34   1039 Per  2 38.8 +42 34  18     5.5 CO                                  
 35   2168 Gem  6 05.7 +24 20  40     5.5 CO                                  
 36   1960 Aur  5 32.0 +34 07  12     6.5 CO                                  
 37   2099 Aur  5 49.0 +32 33  20     6.0 CO                                  
 38   1912 Aur  5 25.3 +35 48  20     7.5 CO                                  
 39   7092 Cyg 21 30.4 +48 13  30     5.0 CO                                  
 40        UMa 12 20.0 +58 22   1     9.0 S2 Winnecke 4                       
 41   2287 CMa  6 44.9 -20 42  30     5.0 CO                                  
 42   1976 Ori  5 32.9 -05 25  60     5.0 NG Orionin kaasusumu                
 43   1982 Ori  5 33.1 -05 18  20x15  9.0 NG                                  
 44   2632 Cnc  8 37.5 +19 52  95     4.0 CO Praesepe                         
 45        Tau  3 43.9 +23 58 100     1.5 CO Plejadit                         
 46   2437 Pup  7 39.6 -14 42  24     6.0 CO                                  
 47   2422 Pup  7 34.3 -14 22  25     4.5 CO                                  
 48   2548 Hya  8 11.2 -05 38  30     5.5 CO                                  
 49   4472 Vir 12 27.3 +08 16   3x 2  8.5 GE                                  
 50   2323 Mon  7 00.5 -08 16  16     7.0 CO                                  
 51   5194 CVn 13 27.8 +47 27  10x 6  8.0 GS Py|rresumu                       
 52   7654 Cas 23 22.0 +61 20  12     7.5 CO                                  
 53   5024 Com 13 10.5 +18 26   3     7.5 CG                                  
 54   6715 Sgr 18 52.0 -30 32   2     7.0 CG                                  
 55   6809 Sgr 19 36.9 -31 03  10     4.5 CG                                  
 56   6779 Lyr 19 14.9 +30 05   2     8.0 CG                                  
 57   6720 Lyr 18 51.1 +32 58   1     9.0 NP Lyyran rengassumu                
 58   4579 Vir 12 35.1 +12 05   4x 3  9.0 GB                                  
 59   4621 Vir 12 39.5 +11 55   3x 2  9.5 GE                                  
 60   4649 Vir 12 41.1 +11 49   2     9.0 GE                                  
 61   4303 Vir 12 19.4 +04 45   6x 5 10.0 GS                                  
 62   6266 Oph 16 58.1 -30 03   4     6.5 CG                                  
 63   5055 CVn 13 13.5 +42 17  10x 5  9.5 GS                                  
 64   4826 Com 12 54.3 +21 57   6x 3  9.0 GS Mustasilm{galaksi                
 65   3623 Leo 11 16.3 +13 23   8x 2  9.5 GS                                  
 66   3627 Leo 11 17.6 +13 17   8x 2  8.5 GS                                  
 67   2682 Cnc  8 48.3 +12 00  15     6.0 CO                                  
 68   4590 Hya 12 36.8 -26 29   3     8.0 CG                                  
 69   6637 Sgr 18 28.1 -32 23   3     9.0 CG                                  
 70   6681 Sgr 18 40.0 -32 21   3     9.5 CG                                  
 71   6838 Sge 19 51.5 +18 39   6     8.5 CG                                  
 72   6981 Aqr 20 50.7 -12 44   2    10.0 CG                                  
 73   6994 Aqr 20 56.4 -12 50   1    10.0 S4                                  
 74    628 Psc  1 34.0 +15 32  11x 9 10.0 GS                                  
 75   6864 Sgr 20 03.2 -22 04   2     8.0 CG                                  
 76    650 Per  1 38.8 +51 19   3x 1 12.0 NP                                  
 77   1068 Cet  2 40.1 -00 14   6x 5  9.0 GS                                  
 78   2068 Ori  5 44.2 +00 02   8x 6 10.0 NG                                  
 79   1094 Lup  5 22.2 -24 34   3     8.5 CG                                  
 80   6093 Sco 16 14.1 -22 52   3     7.5 CG                                  
 81   3031 UMa  9 51.5 +69 18  21x10  8.0 GS                                  
 82   3034 UMa  9 51.9 +69 56   9x 4  9.0 GI                                  
 83   5236 Hya 13 34.3 -29 37  10x 8 10.0 GS                                  
 84   4374 Vir 12 22.6 +13 10   2     9.5 GE                                  
 85   4382 Com 12 22.8 +18 28   2     9.5 GE                                  
 86   4406 Vir 12 23.7 +13 13   2x 1  9.5 GE                                  
 87   4486 Vir 12 28.3 +12 40   2     9.0 GE                                  
 88   4501 Com 12 29.5 +14 42   5x 2 10.0 GS                                  
 89   4552 Vir 12 33.1 +12 50   1     9.5 GE                                  
 90   4569 Vir 12 34.3 +13 26   7x 2 10.0 GS                                  
 91   4548 Com 12 32.9 +14 46   4x 3 11.0 GB                                  
 92   6341 Her 17 15.6 +43 12   8     6.0 CG                                  
 93   2447 Pup  7 42.4 -23 45  25     6.0 CO                                  
 94   4736 CVn 12 48.6 +41 23   5x 4  8.0 GS                                  
 95   3351 Leo 10 41.3 +11 58   6x 4 10.5 GB                                  
 96   3368 Leo 10 44.2 +12 05   5x 4  9.0 GS                                  
 97   3587 UMa 11 12.0 +55 18   3    12.0 NP P|ll|sumu                        
 98   4192 Com 12 11.3 +15 11   8x 2 10.5 GS                                  
 99   4254 Com 12 16.3 +14 42   5x 4 10.0 GS Tuulimyllygalaksi                
100   4321 Com 12 20.4 +16 06   5    10.5 GS                                  
101   5457 UMa 14 01.4 +54 35  22     9.5 GS                                  
102   5866 Dra 15 05.1 +55 57   3x 1 11.0 GE                                  
103    581 Cas  1 29.9 +60 27   5     7.5 CO                                  
104   4594 Vir 12 37.3 -11 21   6x 2  8.5 GS Sombrerogalaksi                  
105   3379 Leo 10 45.2 +12 51   2     9.0 GE                                  
106   4258 CVn 12 16.5 +47 35  20x 7  8.5 GS                                  
107   6171 Oph 16 29.7 -12 57   2     9.0 CG                                  
108   3556 UMa 11 08.7 +55 57   8x 1 10.5 GS                                  
109   3992 UMa 11 55.0 +53 39   6x 4 11.0 GS                  